import numpy as np
import pandas as pd
import matplotlib.pyplot as plt
import io
import base64
from sklearn.linear_model import LinearRegression

data = {
    "numero de empleados": [62,	40,	75,	37,	14,	50,	63,	98,	21,	98,	58,	79,	27,	67,	85,	87,	56,	99,	33,	36,	68,	95,	87,	42,	20,	91,	76,	34,	71,	30,	96,	28,	66,	52,	51,	98,	49,	47,	30,	17,	20,	41,	29,	11,	51,	80,	98,	39,	47,	58,	78,	30,	51,	68,	58,	63,	36,	87,	35,	21,	61,	77,	75,	61,	91,	85,	49,	89,	82,	51,	31,	29,	63,	41,	35,	19,	29,	81,	26,	52,	29,	44,	26,	74,	36,	75,	22,	83,	14,	56,	54,	82,	79,	94,	32,	72,	65,	56,	68,	81,	15,	94,	70,	70,	17,	11,	94,	47,	58,	50,	64,	65,	87,	48,	18,	53,	93,	73,	79,	99,	21,	45,	50,	77,	13,	21,	93,	20,	51,	47,	15,	20,	12,	92,	94,	58,	93,	27,	24,	26,	47,	90,	17,	87,	90,	56,	56,	65,	68,	39,	27,	97,	15,	27,	41,	16,	22,	55,	32,	78,	46,	52,	39,	52,	84,	14,	72,	89,	38,	79,	32,	47,	38,	14,	68,	76,	82,	52,	24,	28,	56,	42,	31,	28,	47,	89,	28,	83,	58,	93,	32,	49,	19,	89,	93,	12,	33,	37,	98,	37,	81,	30,	65,	99,	91,	91,	65,	65,	29,	44,	22,	87,	56,	59,	70,	56,	19,	45,	48,	42,	15,	92,	12,	13,	80,	55,	80,	48,	55,	49,	50,	54,	55,	20,	79,	50,	46,	27,	36,	25,	80,	56,	35,	37,	86,	32,	92,	68,	22,	26,	91,	65,	93,	55,	72,	77,	16,	97,	55,	40,	43,	99,	56,	49,	21,	23,	83,	70,	80,	98,	64,	99,	92,	46,	21,	51,	64,	11,	44,	18,	51,	80,	23,	59,	81,	49,	18,	20,	62,	90,	52,	42,	64,	83,	32,	91,	66,	13,	17,	25,	73,	35,	26,	55,	21,	66,	94,	99,	65,	74,	48,	69,	56,	83,	33,	16,	96,	86,	29,	69,	97,	88,	34,	38,	67,	51,	28,	51,	78,	82,	40,	18,	91,	93,	57,	24,	15,	100,	29,	97,	73,	76,	27,	55,	19,	19,	21,	86,	76,	29,	12,	48,	42,	23,	99,	58,	15,	43,	67,	91,	74,	97,	29,	14,	43,	65,	81,	51,	95,	62,	99,	90,	29,	36,	44,	85,	21,	82,	47,	81,	55,	78,	81,	84,	12,	66,	58,	32,	39,	65,	33,	96,	70,	43,	99,	48,	31,	23,	30,	23,	85,	54,	30,	45,	39,	63,	88,	13,	34,	81,	48,	56,	96,	71,	13,	72,	58,	63,	55,	71,	82,	96,	23,	12,	54,	81,	16,	36,	68,	84,	29,	78,	16,	69,	69,	31,	83,	91,	95,	93,	19,	75,	19,	20,	11,	31,	56,	66,	69,	18,	23,	53,	13,	59,	58,	45,	76,	90,	92,	63,	63,	78,	78,	27,	82,	23,	65,	21,	84,	24,	55,	86,	95,	93,	72,	16,	85,	52,	73,	31,	14,	46,	14,	40,	85,	37,	78,	26,	65,	14,	53,	77,	79,	79,	65,	84,	45,	80,	39,	78
],  
    "Productos fabricados": [559,	368,	666,	352,	140,	468,	560,	878,	215,	872,	524,	711,	265,	608,	763,	773,	513,	876,	316,	348,	613,	829,	779,	393,	202,	815,	679,	327,	631,	285,	848,	278,	599,	490,	464,	857,	455,	437,	295,	176,	208,	376,	280,	128,	463,	715,	861,	366,	433,	533,	709,	289,	471,	622,	531,	576,	342,	773,	328,	213,	548,	694,	676,	555,	800,	753,	448,	795,	727,	475,	301,	280,	563,	381,	327,	196,	279,	732,	247,	474,	286,	409,	255,	671,	342,	680,	228,	743,	155,	511,	487,	733,	697,	832,	308,	639,	585,	521,	606,	720,	163,	825,	636,	631,	182,	122,	843,	434,	527,	460,	579,	585,	784,	444,	195,	489,	824,	645,	706,	873,	211,	411,	456,	692,	135,	203,	827,	197,	463,	438,	172,	197,	133,	825,	831,	534,	830,	256,	242,	249,	438,	797,	176,	762,	805,	509,	520,	593,	610,	359,	256,	860,	158,	266,	378,	171,	225,	499,	301,	703,	421,	475,	373,	484,	757,	148,	647,	798,	351,	705,	308,	440,	353,	146,	608,	684,	733,	475,	238,	268,	507,	389,	293,	275,	428,	798,	269,	734,	525,	825,	310,	460,	190,	803,	821,	129,	322,	346,	867,	351,	725,	286,	587,	871,	812,	816,	582,	586,	279,	401,	220,	769,	518,	538,	629,	518,	201,	411,	451,	389,	153,	823,	140,	143,	706,	506,	720,	450,	509,	450,	465,	479,	498,	213,	712,	451,	428,	257,	348,	251,	722,	512,	325,	336,	755,	298,	818,	608,	221,	252,	802,	588,	831,	499,	648,	695,	179,	855,	503,	367,	394,	877,	508,	441,	214,	236,	736,	629,	723,	865,	573,	876,	819,	434,	214,	460,	580,	124,	420,	187,	463,	716,	218,	539,	725,	451,	187,	204,	563,	810,	487,	385,	578,	745,	305,	799,	602,	144,	173,	251,	655,	328,	255,	497,	205,	602,	833,	875,	596,	665,	438,	614,	522,	735,	308,	162,	857,	761,	269,	613,	860,	784,	317,	352,	612,	476,	265,	459,	695,	720,	380,	180,	814,	826,	518,	235,	160,	874,	282,	861,	654,	689,	259,	498,	190,	190,	217,	776,	677,	281,	137,	449,	382,	225,	875,	519,	148,	399,	602,	806,	664,	862,	285,	158,	407,	596,	716,	470,	843,	567,	871,	802,	276,	340,	409,	763,	213,	732,	425,	717,	498,	689,	721,	743,	138,	597,	532,	302,	358,	584,	313,	857,	632,	397,	883,	442,	298,	213,	279,	233,	758,	498,	287,	415,	368,	574,	780,	144,	321,	723,	446,	503,	853,	646,	147,	656,	527,	567,	500,	632,	731,	841,	232,	136,	491,	727,	166,	342,	617,	746,	280,	696,	164,	630,	615,	298,	742,	812,	842,	829,	196,	667,	197,	206,	121,	303,	514,	593,	625,	193,	234,	485,	147,	533,	534,	417,	683,	799,	809,	578,	576,	693,	699,	256,	729,	222,	590,	221,	744,	230,	504,	773,	838,	829,	650,	174,	757,	472,	662,	308,	151,	439,	152,	384,	759,	352,	693,	252,	591,	153,	477,	686,	706,	723,	587,	757,	412,	723,	369,	702,
]
}

df = pd.DataFrame(data)

X = df[["numero de empleados"]]
y = df["Productos fabricados"]

model = LinearRegression()
model.fit(X, y)

def calculateGrade(hours):
    result = model.predict([[hours]])
    return result
